image_width: 640
image_height: 480
camera_name: narrow_stereo
camera_matrix:
  rows: 3
  cols: 3
  data: [1294.86732,    0.     ,  366.42463,
            0.     , 1306.37142,  253.22582,
            0.     ,    0.     ,    1.     ]
distortion_model: plumb_bob
distortion_coefficients:
  rows: 1
  cols: 5
  data: [-0.250697, 7.425843, 0.002973, 0.010762, 0.000000]
rectification_matrix:
  rows: 3
  cols: 3
  data: [1., 0., 0.,
         0., 1., 0.,
         0., 0., 1.]
projection_matrix:
  rows: 3
  cols: 4
  data: [1345.70862,    0.     ,  363.63615,    0.     ,
            0.     , 1367.26208,  252.46234,    0.     ,
            0.     ,    0.     ,    1.     ,    0.     ]
